0.033333	-0.0010122
0.066667	-0.00092905
0.1	-0.0008898
0.13333	-0.00081748
0.16667	-0.00078625
0.2	-0.00071949
0.23333	-0.00063602
0.26667	-0.00055892
0.3	-0.00052013
0.33333	-0.00043115
0.36667	-0.0003934
0.4	-0.00028947
0.43333	-0.0001891
0.46667	-0.00017852
0.5	0
0.53333	-7.7055e-05
0.56667	2.5795e-05
0.6	9.3221e-05
0.63333	0.00019342
0.66667	0.00028
0.7	0.00037545
0.73333	0.00044087
0.76667	0.00058413
0.8	0.00068442
0.83333	0.00083793
0.86667	0.00094127
0.9	0.0010717
0.93333	0.0011584
0.96667	0.0013157
1	0.0014486
1.0333	0.0016453
1.0667	0.0017912
1.1	0.0020072
1.1333	0.0021717
1.1667	0.0023823
1.2	0.0025998
1.2333	0.0028164
1.2667	0.0030372
1.3	0.0032726
1.3333	0.0035265
1.3667	0.0037664
1.4	0.0039169
1.4333	0.0040362
1.4667	0.0040711
1.5	0.00398
1.5333	0.0037113
1.5667	0.0032108
1.6	0.0025473
1.6333	0.0015336
1.6667	0.00014137
1.7	-0.0015933
1.7333	-0.003565
1.7667	-0.0058352
1.8	-0.0082813
1.8333	-0.010719
1.8667	-0.013052
1.9	-0.015107
1.9333	-0.016749
1.9667	-0.017797
2	-0.01824
2.0333	-0.018013
2.0667	-0.017262
2.1	-0.016071
2.1333	-0.014618
2.1667	-0.013015
2.2	-0.011407
2.2333	-0.0098697
2.2667	-0.008509
2.3	-0.0073405
2.3333	-0.0062404
2.3667	-0.0053695
2.4	-0.0046286
2.4333	-0.0040153
2.4667	-0.0035509
2.5	-0.0031642
2.5333	-0.0028905
2.5667	-0.0026488
2.6	-0.0024288
2.6333	-0.0021909
2.6667	-0.0019989
2.7	-0.0017756
2.7333	-0.0015475
2.7667	-0.0013183
2.8	-0.0011765
2.8333	-0.0010706
2.8667	-0.0009622
2.9	-0.00098839
2.9333	-0.0010748
2.9667	-0.0011687
3	-0.0014161
3.0333	-0.0017457
3.0667	-0.0021767
3.1	-0.0026893
3.1333	-0.0033028
3.1667	-0.0039359
3.2	-0.0045586
3.2333	-0.0052218
3.2667	-0.005809
3.3	-0.0063266
3.3333	-0.006693
3.3667	-0.0070026
3.4	-0.00714
3.4333	-0.007034
3.4667	-0.0068742
3.5	-0.0065451
3.5333	-0.0061415
3.5667	-0.0056768
3.6	-0.005234
3.6333	-0.0047996
3.6667	-0.0044333
3.7	-0.0041034
3.7333	-0.0038363
3.7667	-0.0036378
3.8	-0.0034578
3.8333	-0.0033804
3.8667	-0.0033473
3.9	-0.0032892
3.9333	-0.003305
3.9667	-0.0033723
4	-0.0034076
4.0333	-0.0034318
4.0667	-0.0035141
4.1	-0.0034337
4.1333	-0.0034387
4.1667	-0.0034144
4.2	-0.0033728
4.2333	-0.0032711
4.2667	-0.0031208
4.3	-0.0030607
4.3333	-0.0028807
4.3667	-0.002736
4.4	-0.0026161
4.4333	-0.0025225
4.4667	-0.0023584
4.5	-0.0022695
4.5333	-0.0021269
4.5667	-0.0020143
4.6	-0.0019002
4.6333	-0.0017828
4.6667	-0.0016868
4.7	-0.0015372
4.7333	-0.0014637
4.7667	-0.0012772
4.8	-0.0010757
4.8333	-0.00087774
4.8667	-0.00070306
4.9	-0.00054184
4.9333	-0.00032476
4.9667	-0.00010655
5	0.00010578
5.0333	0.00034215
5.0667	0.00056161
5.1	0.00081382
5.1333	0.0010821
5.1667	0.0014001
5.2	0.0016994
5.2333	0.002004
5.2667	0.0023386
5.3	0.0026419
5.3333	0.002962
5.3667	0.0032701
5.4	0.003655
5.4333	0.0039812
5.4667	0.0042646
5.5	0.0046045
5.5333	0.0049295
5.5667	0.0052532
5.6	0.0055855
5.6333	0.0059398
5.6667	0.0062277
5.7	0.0065789
5.7333	0.0068761
5.7667	0.0072475
5.8	0.0075443
5.8333	0.0078842
5.8667	0.0082596
5.9	0.0085995
5.9333	0.0089665
5.9667	0.0093504
6	0.0097486
6.0333	0.010157
6.0667	0.010583
6.1	0.010982
6.1333	0.0114
6.1667	0.011866
6.2	0.012293
6.2333	0.012747
6.2667	0.013189
6.3	0.01363
6.3333	0.013956
6.3667	0.014217
6.4	0.014376
6.4333	0.014279
6.4667	0.013976
6.5	0.013272
6.5333	0.012117
6.5667	0.010476
6.6	0.008156
6.6333	0.0051444
6.6667	0.0014858
6.7	-0.0027945
6.7333	-0.0074434
6.7667	-0.012316
6.8	-0.017029
6.8333	-0.021196
6.8667	-0.024505
6.9	-0.026652
6.9333	-0.027325
6.9667	-0.026558
7	-0.024454
7.0333	-0.021138
7.0667	-0.017108
7.1	-0.012671
7.1333	-0.0080978
7.1667	-0.0037494
7.2	0.0002572
7.2333	0.0037863
7.2667	0.006828
7.3	0.0094053
7.3333	0.011499
7.3667	0.013236
7.4	0.014634
7.4333	0.015742
7.4667	0.016662
7.5	0.017538
7.5333	0.018494
7.5667	0.0196
7.6	0.020826
7.6333	0.022303
7.6667	0.023959
7.7	0.025769
7.7333	0.027766
7.7667	0.029844
7.8	0.032087
7.8333	0.034443
7.8667	0.036831
7.9	0.039358
7.9333	0.041982
7.9667	0.044742
8	0.047487
8.0333	0.050287
8.0667	0.053275
8.1	0.056274
8.1333	0.059471
8.1667	0.062784
8.2	0.066362
8.2333	0.070181
8.2667	0.074142
8.3	0.078458
8.3333	0.083018
8.3667	0.087852
8.4	0.092966
8.4333	0.098364
8.4667	0.10404
8.5	0.10996
8.5333	0.1161
8.5667	0.12243
8.6	0.12906
8.6333	0.13582
8.6667	0.14284
8.7	0.15009
8.7333	0.1576
8.7667	0.16537
8.8	0.17354
8.8333	0.18202
8.8667	0.19093
8.9	0.20026
8.9333	0.21
8.9667	0.22028
9	0.23112
9.0333	0.24256
9.0667	0.25457
9.1	0.26725
9.1333	0.28073
9.1667	0.29497
9.2	0.31
9.2333	0.32589
9.2667	0.34275
9.3	0.36055
9.3333	0.37924
9.3667	0.39886
9.4	0.41925
9.4333	0.44016
9.4667	0.46138
9.5	0.48235
9.5333	0.50231
9.5667	0.52
9.6	0.5338
9.6333	0.54116
9.6667	0.53874
9.7	0.52208
9.7333	0.48543
9.7667	0.42211
9.8	0.32445
9.8333	0.1844
9.8667	-0.0050019
9.9	-0.24906
9.9333	-0.5494
9.9667	-0.90274
10	-1.2991
10.033	-1.7215
10.067	-2.1461
10.1	-2.543
10.133	-2.8788
10.167	-3.1214
10.2	-3.2452
10.233	-3.2361
10.267	-3.0954
10.3	-2.8402
10.333	-2.4997
10.367	-2.11
10.4	-1.7067
10.433	-1.3194
10.467	-0.96761
10.5	-0.66141
10.533	-0.4029
10.567	-0.18932
10.6	-0.0161
10.633	0.12128
10.667	0.22659
10.7	0.30385
10.733	0.35816
10.767	0.39594
10.8	0.42411
10.833	0.44912
10.867	0.47514
10.9	0.50387
10.933	0.53464
10.967	0.56537
11	0.59388
11.033	0.61838
11.067	0.63781
11.1	0.65201
11.133	0.66101
11.167	0.66498
11.2	0.66397
11.233	0.65785
11.267	0.64622
11.3	0.62878
11.333	0.60519
11.367	0.57601
11.4	0.54262
11.433	0.50682
11.467	0.47091
11.5	0.4366
11.533	0.40528
11.567	0.37774
11.6	0.35436
11.633	0.33547
11.667	0.32083
11.7	0.30993
11.733	0.30165
11.767	0.29488
11.8	0.28819
11.833	0.28068
11.867	0.27175
11.9	0.26116
11.933	0.24918
11.967	0.23635
12	0.22347
12.033	0.21132
12.067	0.20058
12.1	0.19152
12.133	0.18418
12.167	0.17854
12.2	0.17435
12.233	0.17122
12.267	0.16864
12.3	0.16612
12.333	0.16334
12.367	0.15994
12.4	0.15593
12.433	0.15124
12.467	0.14579
12.5	0.13968
12.533	0.133
12.567	0.12634
12.6	0.11984
12.633	0.11365
12.667	0.10767
12.7	0.10159
12.733	0.095172
12.767	0.088366
12.8	0.080921
12.833	0.072991
12.867	0.064709
12.9	0.056052
12.933	0.047308
12.967	0.038488
13	0.029491
13.033	0.020358
13.067	0.010865
13.1	0.0010647
13.133	-0.0088498
13.167	-0.018628
13.2	-0.028132
13.233	-0.036817
13.267	-0.044238
13.3	-0.049781
13.333	-0.053144
13.367	-0.054038
13.4	-0.052578
13.433	-0.049174
13.467	-0.044407
13.5	-0.038874
13.533	-0.033193
13.567	-0.027822
13.6	-0.023121
13.633	-0.019261
13.667	-0.016402
13.7	-0.014339
13.733	-0.013041
13.767	-0.0124
13.8	-0.012288
13.833	-0.012615
13.867	-0.013289
13.9	-0.014248
13.933	-0.01547
13.967	-0.016888
14	-0.018455
14.033	-0.020086
14.067	-0.021558
14.1	-0.022772
14.133	-0.023598
14.167	-0.023993
14.2	-0.024059
14.233	-0.023873
14.267	-0.023595
14.3	-0.023388
14.333	-0.023438
14.367	-0.023863
14.4	-0.024783
14.433	-0.026177
14.467	-0.028001
14.5	-0.030092
14.533	-0.032334
14.567	-0.034502
14.6	-0.03642
14.633	-0.037953
14.667	-0.039095
14.7	-0.039762
14.733	-0.040291
14.767	-0.040731
14.8	-0.041177
14.833	-0.041741
14.867	-0.042351
14.9	-0.04284
14.933	-0.042954
14.967	-0.042476
15	-0.041165
15.033	-0.038996
15.067	-0.036004
15.1	-0.032317
15.133	-0.028312
15.167	-0.024162
15.2	-0.020398
15.233	-0.017228
15.267	-0.014698
15.3	-0.012692
15.333	-0.011017
15.367	-0.0094928
15.4	-0.0079201
15.433	-0.0062375
15.467	-0.0043506
15.5	-0.0023708
15.533	-0.00044724
15.567	0.0013615
15.6	0.0031629
15.633	0.0048115
15.667	0.0064054
15.7	0.0078365
15.733	0.009241
15.767	0.010407
15.8	0.011439
15.833	0.012246
15.867	0.012836
15.9	0.01328
15.933	0.013541
15.967	0.013715
16	0.013883
16.033	0.014039
16.067	0.014214
16.1	0.014286
16.133	0.014348
16.167	0.014128
16.2	0.013668
16.233	0.012733
16.267	0.011498
16.3	0.010119
16.333	0.008792
16.367	0.0077397
16.4	0.0071607
16.433	0.0071758
16.467	0.0077857
16.5	0.0087916
16.533	0.0099015
16.567	0.010886
16.6	0.011606
16.633	0.011946
16.667	0.011896
16.7	0.01163
16.733	0.011277
16.767	0.010927
16.8	0.010663
16.833	0.010549
16.867	0.010476
16.9	0.010554
16.933	0.010614
16.967	0.010683
17	0.010699
17.033	0.01066
17.067	0.010601
17.1	0.010557
17.133	0.010581
17.167	0.010782
17.2	0.011041
17.233	0.011576
17.267	0.012272
17.3	0.013071
17.333	0.013767
17.367	0.01428
17.4	0.014363
17.433	0.013977
17.467	0.013068
17.5	0.01176
17.533	0.010084
17.567	0.0084131
17.6	0.0068702
17.633	0.0055921
17.667	0.0046524
17.7	0.0039368
17.733	0.0033354
17.767	0.0026855
17.8	0.0018724
17.833	0.00057605
17.867	-0.0011607
17.9	-0.0033765
17.933	-0.0059518
17.967	-0.00886
18	-0.01187
18.033	-0.014755
18.067	-0.017553
18.1	-0.020132
18.133	-0.022515
18.167	-0.024644
18.2	-0.026378
18.233	-0.027669
18.267	-0.028319
18.3	-0.028297
18.333	-0.027458
18.367	-0.025794
18.4	-0.023649
18.433	-0.021222
18.467	-0.018695
18.5	-0.016403
18.533	-0.014529
18.567	-0.013217
18.6	-0.012337
18.633	-0.011862
18.667	-0.011722
18.7	-0.011693
18.733	-0.011708
18.767	-0.011617
18.8	-0.011324
18.833	-0.010761
18.867	-0.0098464
18.9	-0.0085271
18.933	-0.0067959
18.967	-0.0046399
19	-0.0020581
19.033	0.0007563
19.067	0.0036609
19.1	0.0063201
19.133	0.0085813
19.167	0.010144
19.2	0.010922
19.233	0.010852
19.267	0.010112
19.3	0.0089926
19.333	0.0076174
19.367	0.006281
19.4	0.0051128
19.433	0.0042087
19.467	0.0035472
19.5	0.0030985
19.533	0.0028315
19.567	0.0026648
19.6	0.0025169
19.633	0.0022485
19.667	0.0018354
19.7	0.0012966
19.733	0.00056343
19.767	-0.00025523
19.8	-0.00099709
19.833	-0.001553
19.867	-0.0017842
19.9	-0.0018122
19.933	-0.0015911
19.967	-0.0012461
20	-0.00091589
20.033	-0.00056867
20.067	-0.00025288
20.1	4.7387e-05
20.133	0.00042965
20.167	0.00097813
20.2	0.0016158
20.233	0.0023322
20.267	0.0029619
20.3	0.0034526
20.333	0.0037081
20.367	0.0036627
20.4	0.0034305
20.433	0.0030192
20.467	0.0025434
20.5	0.0020938
20.533	0.0017316
20.567	0.0014866
20.6	0.0014472
20.633	0.0016234
20.667	0.0019825
20.7	0.0025
20.733	0.0030665
20.767	0.0036133
20.8	0.0039655
20.833	0.0041248
20.867	0.0040122
20.9	0.0036325
20.933	0.0031036
20.967	0.0024771
21	0.0018146
21.033	0.0010646
21.067	0.00023529
21.1	-0.00052974
21.133	-0.0012398
21.167	-0.00187
21.2	-0.0023877
21.233	-0.0027497
21.267	-0.002982
21.3	-0.0030949
21.333	-0.0030647
21.367	-0.0029867
21.4	-0.0028492
21.433	-0.0026603
21.467	-0.0024376
21.5	-0.0022104
21.533	-0.0020066
21.567	-0.0018534
21.6	-0.001816
21.633	-0.0019593
21.667	-0.0022571
21.7	-0.0027211
21.733	-0.0031835
21.767	-0.0036037
21.8	-0.0039816
21.833	-0.0041394
21.867	-0.0041488
21.9	-0.0039211
21.933	-0.0034816
21.967	-0.0029125
22	-0.0022196
22.033	-0.0014315
22.067	-0.00062378
22.1	0.00019602
22.133	0.00091132
22.167	0.001603
22.2	0.0021715
22.233	0.0025888
22.267	0.0027504
22.3	0.0026928
22.333	0.0022455
22.367	0.0015438
22.4	0.00056807
22.433	-0.00047091
22.467	-0.0014894
22.5	-0.0023739
22.533	-0.0029924
22.567	-0.0033676
22.6	-0.0035328
22.633	-0.0033883
22.667	-0.0031685
22.7	-0.0027962
22.733	-0.0022434
22.767	-0.0016986
22.8	-0.0011796
22.833	-0.00073847
22.867	-0.00031737
22.9	8.9775e-05
22.933	0.00042519
22.967	0.00069447
23	0.00089687
23.033	0.00088156
23.067	0.0006214
23.1	5.4175e-05
23.133	-0.00074223
23.167	-0.0017576
23.2	-0.0028337
23.233	-0.0038307
23.267	-0.004489
23.3	-0.0047747
23.333	-0.0046846
23.367	-0.0042237
23.4	-0.0036397
23.433	-0.0030986
23.467	-0.0026324
23.5	-0.002428
23.533	-0.0023757
23.567	-0.0024987
23.6	-0.0026764
23.633	-0.0028135
23.667	-0.002882
23.7	-0.0026718
23.733	-0.002416
23.767	-0.0018964
23.8	-0.0012391
23.833	-0.00051757
23.867	0.00023472
23.9	0.00095736
23.933	0.0015729
23.967	0.002104
24	0.0024119
24.033	0.002726
24.067	0.002895
24.1	0.0030049
24.133	0.0029471
24.167	0.0027329
24.2	0.0023293
24.233	0.0018361
24.267	0.0013377
24.3	0.00095646
24.333	0.00074784
24.367	0.00078956
24.4	0.0011928
24.433	0.0019151
24.467	0.0029189
24.5	0.0041113
24.533	0.0054045
24.567	0.0066428
24.6	0.007822
24.633	0.0087573
24.667	0.00939
24.7	0.0096547
24.733	0.0096369
24.767	0.0092857
24.8	0.0086459
24.833	0.0079384
24.867	0.0072492
24.9	0.0066197
24.933	0.0061039
24.967	0.0057012
25	0.0054375
25.033	0.0052948
25.067	0.0052174
25.1	0.0052112
25.133	0.0052908
25.167	0.0053398
25.2	0.0052387
25.233	0.0049917
25.267	0.004526
25.3	0.0037959
25.333	0.0028686
25.367	0.0018083
25.4	0.00077936
25.433	-3.272e-05
25.467	-0.00059302
25.5	-0.00070907
25.533	-0.00036805
25.567	0.00038996
25.6	0.0014603
25.633	0.0027355
25.667	0.0039861
25.7	0.0049942
25.733	0.0057
25.767	0.0058582
25.8	0.0055631
25.833	0.0048406
25.867	0.0038058
25.9	0.0025888
25.933	0.0014481
25.967	0.00037544
26	-0.00055967
26.033	-0.0013277
26.067	-0.0018753
26.1	-0.0022821
26.133	-0.0024577
26.167	-0.0023612
26.2	-0.0018233
26.233	-0.00068479
26.267	0.00096357
26.3	0.0029662
26.333	0.0051935
26.367	0.0073391
26.4	0.008968
26.433	0.01002
26.467	0.010253
26.5	0.0097336
26.533	0.0086189
26.567	0.0070991
26.6	0.005535
26.633	0.0039852
26.667	0.0027351
26.7	0.0017986
26.733	0.001185
26.767	0.00085958
26.8	0.00062972
26.833	0.00051592
26.867	0.00037953
26.9	0.0002246
26.933	-2.2893e-06
26.967	-0.00012607
27	-0.00029507
27.033	-0.00029752
27.067	-0.00019484
27.1	-0.00010415
27.133	-6.8379e-06
27.167	0.00013529
27.2	0.00013961
27.233	0.0001692
27.267	0.00022489
27.3	0.00028977
27.333	0.00041222
27.367	0.00058029
27.4	0.0007777
27.433	0.00092422
27.467	0.0010044
27.5	0.00095447
27.533	0.00083347
27.567	0.00048457
27.6	2.2293e-05
27.633	-0.00059505
27.667	-0.0013658
27.7	-0.002183
27.733	-0.0030872
27.767	-0.0040406
27.8	-0.0050224
27.833	-0.0059076
27.867	-0.00662
27.9	-0.0070876
27.933	-0.0072391
27.967	-0.0069227
28	-0.0062289
28.033	-0.0052196
28.067	-0.0038812
28.1	-0.0024576
28.133	-0.0010116
28.167	0.00033386
28.2	0.00151
28.233	0.0024329
28.267	0.0030816
28.3	0.0033669
28.333	0.0034201
28.367	0.0031446
28.4	0.0026563
28.433	0.0020403
28.467	0.0014631
28.5	0.00094826
28.533	0.00068512
28.567	0.00073795
28.6	0.0010382
28.633	0.0016424
28.667	0.0024168
28.7	0.0033119
28.733	0.0040772
28.767	0.0047806
28.8	0.00522
28.833	0.005415
28.867	0.0053782
28.9	0.0051031
28.933	0.0046808
28.967	0.0043184
29	0.0040472
29.033	0.0038962
29.067	0.0038672
29.1	0.0039973
29.133	0.0042398
29.167	0.0045462
29.2	0.0048494
29.233	0.0052723
29.267	0.0056863
29.3	0.006099
29.333	0.0064497
29.367	0.0065668
29.4	0.0063569
29.433	0.0057496
29.467	0.004758
29.5	0.0034948
29.533	0.0020657
29.567	0.00061479
29.6	-0.00061564
29.633	-0.0016292
29.667	-0.0022867
29.7	-0.0026271
29.733	-0.0024904
29.767	-0.0019158
29.8	-0.00090529
29.833	0.00054445
29.867	0.0023293
29.9	0.0042746
29.933	0.0063031
29.967	0.0080743
30	0.0095032
30.033	0.010431
30.067	0.010811
30.1	0.010699
30.133	0.01014
30.167	0.0093531
30.2	0.0084407
30.233	0.0075457
30.267	0.0067125
30.3	0.0060748
30.333	0.0055455
30.367	0.0051891
30.4	0.0050226
30.433	0.0048856
30.467	0.0049304
30.5	0.0049307
30.533	0.0049014
30.567	0.0047501
30.6	0.0044799
30.633	0.0038338
30.667	0.00303
30.7	0.0018776
30.733	0.00054575
30.767	-0.00089458
30.8	-0.0022325
30.833	-0.0032976
30.867	-0.0038603
30.9	-0.0039328
30.933	-0.0035695
30.967	-0.0029105
31	-0.0021452
31.033	-0.0014525
31.067	-0.0010778
31.1	-0.00098087
31.133	-0.0012584
31.167	-0.0016302
31.2	-0.0021475
31.233	-0.0026511
31.267	-0.0030592
31.3	-0.0035077
31.333	-0.00397
31.367	-0.0045921
31.4	-0.0053499
31.433	-0.0062074
31.467	-0.0070502
31.5	-0.0077496
31.533	-0.0081727
31.567	-0.0082212
31.6	-0.0080056
31.633	-0.0075537
31.667	-0.0071193
31.7	-0.0067011
31.733	-0.0065168
31.767	-0.0066689
31.8	-0.0071578
31.833	-0.0079363
31.867	-0.0089636
31.9	-0.010113
31.933	-0.011294
31.967	-0.012199
32	-0.012869
32.033	-0.013223
32.067	-0.013312
32.1	-0.01315
32.133	-0.012861
32.167	-0.012552
32.2	-0.012241
32.233	-0.011968
32.267	-0.011652
32.3	-0.011286
32.333	-0.010849
32.367	-0.010373
32.4	-0.010045
32.433	-0.0097699
32.467	-0.0097386
32.5	-0.0098059
32.533	-0.010082
32.567	-0.010297
32.6	-0.010385
32.633	-0.010221
32.667	-0.0097498
32.7	-0.0090799
32.733	-0.0082616
32.767	-0.00738
32.8	-0.0065633
32.833	-0.0058751
32.867	-0.0055208
32.9	-0.005355
32.933	-0.0054787
32.967	-0.0059102
33	-0.0064384
33.033	-0.0071154
33.067	-0.0078201
33.1	-0.0084787
33.133	-0.0090309
33.167	-0.0094195
33.2	-0.0096691
33.233	-0.0097304
33.267	-0.0096501
33.3	-0.0093427
33.333	-0.0088068
33.367	-0.0080931
33.4	-0.0072624
33.433	-0.0063543
33.467	-0.0053518
33.5	-0.00444
33.533	-0.0036645
33.567	-0.0031374
33.6	-0.0028629
33.633	-0.0029212
33.667	-0.0033318
33.7	-0.0040143
33.733	-0.0048587
33.767	-0.0058067
33.8	-0.0067037
33.833	-0.0073967
33.867	-0.0077834
33.9	-0.0077874
33.933	-0.007373
33.967	-0.0066193
34	-0.0057016
34.033	-0.0047176
34.067	-0.0039167
34.1	-0.0034301
34.133	-0.0032515
34.167	-0.0033969
34.2	-0.0037544
34.233	-0.0041832
34.267	-0.004662
34.3	-0.0050891
34.333	-0.0054412
34.367	-0.0057299
34.4	-0.0059669
34.433	-0.0062262
34.467	-0.0064644
34.5	-0.0065633
34.533	-0.0065276
34.567	-0.0063481
34.6	-0.0059298
34.633	-0.0053637
34.667	-0.0047004
34.7	-0.0041186
34.733	-0.0037978
34.767	-0.0037141
34.8	-0.0040373
34.833	-0.0046017
34.867	-0.0052736
34.9	-0.0059405
34.933	-0.0064237
34.967	-0.0065413
35	-0.0062717
35.033	-0.0056221
35.067	-0.0047145
35.1	-0.003701
35.133	-0.002686
35.167	-0.0018262
35.2	-0.0011204
35.233	-0.00065027
35.267	-0.00035117
35.3	-0.00016745
35.333	-0.00019171
35.367	-0.00042024
35.4	-0.00089965
35.433	-0.0015609
35.467	-0.0023399
35.5	-0.0031384
35.533	-0.0037177
35.567	-0.0039677
35.6	-0.0038067
35.633	-0.0031052
35.667	-0.0021121
35.7	-0.00086662
35.733	0.00031631
35.767	0.001344
35.8	0.0020631
35.833	0.002531
35.867	0.0026483
35.9	0.0025703
35.933	0.0023956
35.967	0.0021405
36	0.0018276
36.033	0.001483
36.067	0.001125
36.1	0.00073956
36.133	0.00038579
36.167	8.4699e-05
36.2	-0.00012616
36.233	-8.0391e-05
36.267	0.0001542
36.3	0.00065315
36.333	0.0013907
36.367	0.0023007
36.4	0.0032817
36.433	0.004177
36.467	0.0049397
36.5	0.0054717
36.533	0.0058218
36.567	0.0059986
36.6	0.0061297
36.633	0.0062144
36.667	0.0062551
36.7	0.0063763
36.733	0.0064829
36.767	0.0065736
36.8	0.0066881
36.833	0.0068151
36.867	0.0070535
36.9	0.0074344
36.933	0.0079844
36.967	0.0086374
37	0.0092887
37.033	0.0099158
37.067	0.010299
37.1	0.010378
37.133	0.010218
37.167	0.0098393
37.2	0.0093639
37.233	0.0090164
37.267	0.0088813
37.3	0.0090705
37.333	0.0095575
37.367	0.010236
37.4	0.011059
37.433	0.011933
37.467	0.012732
37.5	0.013456
37.533	0.014109
37.567	0.014632
37.6	0.015099
37.633	0.015461
37.667	0.015714
37.7	0.01584
37.733	0.015769
37.767	0.015571
37.8	0.015293
37.833	0.014905
37.867	0.014446
37.9	0.013986
37.933	0.013612
37.967	0.013319
38	0.013167
38.033	0.013163
38.067	0.013258
38.1	0.013463
38.133	0.013828
38.167	0.014157
38.2	0.014627
38.233	0.015087
38.267	0.015608
38.3	0.016033
38.333	0.016517
38.367	0.016819
38.4	0.017118
38.433	0.017271
38.467	0.017252
38.5	0.01712
38.533	0.016904
38.567	0.016564
38.6	0.016229
38.633	0.015741
38.667	0.015184
38.7	0.014605
38.733	0.013959
38.767	0.01335
38.8	0.012915
38.833	0.012608
38.867	0.012448
38.9	0.012349
38.933	0.012255
38.967	0.012133
39	0.011929
39.033	0.011627
39.067	0.011274
39.1	0.011056
39.133	0.010915
39.167	0.010921
39.2	0.011123
39.233	0.011504
39.267	0.011993
39.3	0.012349
39.333	0.012522
39.367	0.012461
39.4	0.012055
39.433	0.011291
39.467	0.010343
39.5	0.0092304
39.533	0.0082098
39.567	0.0072578
39.6	0.0065235
39.633	0.0059267
39.667	0.005446
39.7	0.0050354
39.733	0.0045181
39.767	0.0038984
39.8	0.0031931
39.833	0.0024363
39.867	0.0016271
39.9	0.0010544
39.933	0.00064073
39.967	0.00047326
40	0.00049487
40.033	0.00068761
40.067	0.00090667
40.1	0.0009803
40.133	0.00087348
40.167	0.00056726
40.2	3.2087e-05
40.233	-0.00063109
40.267	-0.0014417
40.3	-0.0022198
40.333	-0.0029963
40.367	-0.0036746
40.4	-0.0043099
40.433	-0.0049046
40.467	-0.0053557
40.5	-0.0058056
40.533	-0.0062071
40.567	-0.0065028
40.6	-0.0067294
40.633	-0.0068502
40.667	-0.0069135
40.7	-0.0069305
40.733	-0.0070182
40.767	-0.0072468
40.8	-0.0074961
40.833	-0.0078864
40.867	-0.0082398
40.9	-0.0084798
40.933	-0.0085621
40.967	-0.0084054
41	-0.0079688
41.033	-0.0072854
41.067	-0.0065418
41.1	-0.0058176
41.133	-0.0051965
41.167	-0.004769
41.2	-0.0045246
41.233	-0.0043854
41.267	-0.0042832
41.3	-0.0041463
41.333	-0.0038645
41.367	-0.0034704
41.4	-0.0029839
41.433	-0.0024528
41.467	-0.0019124
41.5	-0.0015021
41.533	-0.0010561
41.567	-0.00062683
41.6	-0.0001641
41.633	0.00043128
41.667	0.0011964
41.7	0.0021233
41.733	0.0032412
41.767	0.0045793
41.8	0.006077
41.833	0.0077831
41.867	0.009552
41.9	0.011379
41.933	0.013173
41.967	0.01475
42	0.016102
42.033	0.017113
42.067	0.017747
42.1	0.018128
42.133	0.018242
42.167	0.0183
42.2	0.01832
42.233	0.018384
42.267	0.01848
42.3	0.018695
42.333	0.01891
42.367	0.019116
42.4	0.019288
42.433	0.019404
42.467	0.019398
42.5	0.019374
42.533	0.019332
42.567	0.019207
42.6	0.019064
42.633	0.018936
42.667	0.018645
42.7	0.018225
42.733	0.01761
42.767	0.01686
42.8	0.015919
42.833	0.014887
42.867	0.013808
42.9	0.01275
42.933	0.011581
42.967	0.010364
43	0.0090526
43.033	0.0075895
43.067	0.0060406
43.1	0.0044624
43.133	0.0028192
43.167	0.0013097
43.2	-6.971e-05
43.233	-0.0012104
43.267	-0.0021229
43.3	-0.0028674
43.333	-0.0035538
43.367	-0.0042375
43.4	-0.0049175
43.433	-0.0056427
43.467	-0.0064018
43.5	-0.0071484
43.533	-0.0077905
43.567	-0.0082991
43.6	-0.0086772
43.633	-0.008848
43.667	-0.0088959
43.7	-0.0087545
43.733	-0.0084615
43.767	-0.008059
43.8	-0.0076644
43.833	-0.0072069
43.867	-0.0068635
43.9	-0.0066259
43.933	-0.0065626
43.967	-0.0065886
44	-0.0067623
44.033	-0.0069046
44.067	-0.0071105
44.1	-0.0071843
44.133	-0.0071802
44.167	-0.0070289
44.2	-0.0066638
44.233	-0.0062424
44.267	-0.0056886
44.3	-0.0051039
44.333	-0.0045852
44.367	-0.0042563
44.4	-0.0040915
44.433	-0.004205
44.467	-0.0044724
44.5	-0.0048582
44.533	-0.0052644
44.567	-0.0057791
44.6	-0.0062402
44.633	-0.0067188
44.667	-0.0072356
44.7	-0.0077627
44.733	-0.0083995
44.767	-0.0090232
44.8	-0.0096863
44.833	-0.010265
44.867	-0.010835
44.9	-0.011366
44.933	-0.011921
44.967	-0.012504
45	-0.013151
45.033	-0.013912
45.067	-0.014719
45.1	-0.015622
45.133	-0.016432
45.167	-0.017182
45.2	-0.017909
45.233	-0.018368
45.267	-0.018714
45.3	-0.018892
45.333	-0.018838
45.367	-0.018671
45.4	-0.01825
45.433	-0.017669
45.467	-0.017008
45.5	-0.016258
45.533	-0.015457
45.567	-0.014708
45.6	-0.014101
45.633	-0.013552
45.667	-0.013151
45.7	-0.012867
45.733	-0.012759
45.767	-0.01273
45.8	-0.012793
45.833	-0.012884
45.867	-0.012963
45.9	-0.012875
45.933	-0.012676
45.967	-0.012311
46	-0.011685
46.033	-0.010843
46.067	-0.0098048
46.1	-0.0086213
46.133	-0.0073491
46.167	-0.0062264
46.2	-0.0051831
46.233	-0.0043034
46.267	-0.0037174
46.3	-0.0032766
46.333	-0.0029479
46.367	-0.0026274
46.4	-0.0022568
46.433	-0.0017583
46.467	-0.0011053
46.5	-0.00031478
46.533	0.00049625
46.567	0.0013946
46.6	0.0022634
46.633	0.0031902
46.667	0.0041137
46.7	0.0051118
46.733	0.0062624
46.767	0.0075622
46.8	0.0089503
46.833	0.010394
46.867	0.011827
46.9	0.013191
46.933	0.014344
46.967	0.015354
47	0.016165
47.033	0.01684
47.067	0.017462
47.1	0.01805
47.133	0.018748
47.167	0.019482
47.2	0.020312
47.233	0.021228
47.267	0.022128
47.3	0.02301
47.333	0.023909
47.367	0.024718
47.4	0.025544
47.433	0.026329
47.467	0.027099
47.5	0.02785
47.533	0.028587
47.567	0.029268
47.6	0.029898
47.633	0.03037
47.667	0.030659
47.7	0.030917
47.733	0.031087
47.767	0.031177
47.8	0.031317
47.833	0.031569
47.867	0.031969
47.9	0.032394
47.933	0.032809
47.967	0.032996
48	0.032842
48.033	0.032403
48.067	0.031499
48.1	0.030244
48.133	0.028737
48.167	0.027088
48.2	0.025336
48.233	0.023548
48.267	0.021694
48.3	0.019809
48.333	0.017841
48.367	0.015789
48.4	0.013599
48.433	0.011291
48.467	0.0088408
48.5	0.0062755
48.533	0.0035578
48.567	0.00074664
48.6	-0.0022103
48.633	-0.0052795
48.667	-0.0085157
48.7	-0.01192
48.733	-0.015378
48.767	-0.018929
48.8	-0.022425
48.833	-0.025798
48.867	-0.029052
48.9	-0.032133
48.933	-0.034914
48.967	-0.037523
49	-0.039973
49.033	-0.042284
49.067	-0.044611
49.1	-0.04686
49.133	-0.04923
49.167	-0.0516
49.2	-0.054032
49.233	-0.056489
49.267	-0.058853
49.3	-0.061132
49.333	-0.063234
49.367	-0.065183
49.4	-0.066896
49.433	-0.068356
49.467	-0.069596
49.5	-0.070453
49.533	-0.071042
49.567	-0.071341
49.6	-0.071343
49.633	-0.071107
49.667	-0.070664
49.7	-0.070125
49.733	-0.069531
49.767	-0.068903
49.8	-0.068387
49.833	-0.067894
49.867	-0.067559
49.9	-0.067324
49.933	-0.067197
49.967	-0.067074
50	-0.0668
50.033	-0.066276
50.067	-0.06533
50.1	-0.063939
50.133	-0.062141
50.167	-0.05991
50.2	-0.057454
50.233	-0.054916
50.267	-0.052416
50.3	-0.050093
50.333	-0.04797
50.367	-0.046102
50.4	-0.044449
50.433	-0.042834
50.467	-0.041129
50.5	-0.039291
50.533	-0.037153
50.567	-0.034725
50.6	-0.031993
50.633	-0.029076
50.667	-0.025972
50.7	-0.0229
50.733	-0.019791
50.767	-0.016767
50.8	-0.01379
50.833	-0.010914
50.867	-0.0080253
50.9	-0.0051954
50.933	-0.0024041
50.967	0.00033388
51	0.0030351
51.033	0.0056672
51.067	0.0082751
51.1	0.010896
51.133	0.01355
51.167	0.016281
51.2	0.019039
51.233	0.02176
51.267	0.024388
51.3	0.026969
51.333	0.029323
51.367	0.031573
51.4	0.03369
51.433	0.035675
51.467	0.037448
51.5	0.039063
51.533	0.040501
51.567	0.041551
51.6	0.042357
51.633	0.04287
51.667	0.04317
51.7	0.043398
51.733	0.043596
51.767	0.043849
51.8	0.044194
51.833	0.044745
51.867	0.045385
51.9	0.04606
51.933	0.046694
51.967	0.047177
52	0.047434
52.033	0.04745
52.067	0.047219
52.1	0.046853
52.133	0.046235
52.167	0.045553
52.2	0.04472
52.233	0.043801
52.267	0.042736
52.3	0.041605
52.333	0.040467
52.367	0.03937
52.4	0.038343
52.433	0.037381
52.467	0.036688
52.5	0.03607
52.533	0.035539
52.567	0.034982
52.6	0.034362
52.633	0.033659
52.667	0.032815
52.7	0.031988
52.733	0.031042
52.767	0.030169
52.8	0.029373
52.833	0.028634
52.867	0.027996
52.9	0.027442
52.933	0.026807
52.967	0.026246
53	0.025626
53.033	0.024984
53.067	0.024451
53.1	0.023948
53.133	0.023508
53.167	0.023151
53.2	0.022766
53.233	0.022338
53.267	0.021758
53.3	0.020987
53.333	0.019997
53.367	0.018762
53.4	0.017485
53.433	0.016068
53.467	0.014717
53.5	0.01346
53.533	0.012343
53.567	0.011459
53.6	0.010816
53.633	0.010458
53.667	0.010315
53.7	0.010379
53.733	0.010638
53.767	0.010929
53.8	0.011354
53.833	0.0118
53.867	0.01224
53.9	0.012583
53.933	0.012916
53.967	0.013095
54	0.013116
54.033	0.012989
54.067	0.012755
54.1	0.01249
54.133	0.012217
54.167	0.012033
54.2	0.011954
54.233	0.012083
54.267	0.012425
54.3	0.012979
54.333	0.013709
54.367	0.014538
54.4	0.01546
54.433	0.016439
54.467	0.017428
54.5	0.018379
54.533	0.019287
54.567	0.020199
54.6	0.021109
54.633	0.021984
54.667	0.02291
54.7	0.023914
54.733	0.024949
54.767	0.026059
54.8	0.027143
54.833	0.028196
54.867	0.029023
54.9	0.029674
54.933	0.030005
54.967	0.030184
55	0.03022
55.033	0.030077
55.067	0.029831
55.1	0.029528
55.133	0.029187
55.167	0.028742
55.2	0.02821
55.233	0.027637
55.267	0.026997
55.3	0.026334
55.333	0.025761
55.367	0.025341
55.4	0.025195
55.433	0.025268
55.467	0.025637
55.5	0.026204
55.533	0.026793
55.567	0.027319
55.6	0.027618
55.633	0.027495
55.667	0.027093
55.7	0.026313
55.733	0.025302
55.767	0.024021
55.8	0.022789
55.833	0.02152
55.867	0.020295
55.9	0.019195
55.933	0.018168
55.967	0.01711
56	0.016066
56.033	0.015047
56.067	0.013992
56.1	0.013081
56.133	0.012178
56.167	0.011359
56.2	0.010609
56.233	0.009818
56.267	0.0089976
56.3	0.0080425
56.333	0.0069796
56.367	0.0057918
56.4	0.0045578
56.433	0.0033497
56.467	0.0022569
56.5	0.0012398
56.533	0.00043095
56.567	-0.00024918
56.6	-0.00083365
56.633	-0.0014171
56.667	-0.0020192
56.7	-0.0027257
56.733	-0.003384
56.767	-0.0041569
56.8	-0.0049243
56.833	-0.0055884
56.867	-0.0062195
56.9	-0.0067737
56.933	-0.0072581
56.967	-0.0077519
57	-0.0082278
57.033	-0.0087166
57.067	-0.0091047
57.1	-0.0093682
57.133	-0.0094004
57.167	-0.0090986
57.2	-0.0085135
57.233	-0.007655
57.267	-0.006608
57.3	-0.0055374
57.333	-0.004448
57.367	-0.003527
57.4	-0.0027049
57.433	-0.0020762
57.467	-0.0016361
57.5	-0.0013258
57.533	-0.0011275
57.567	-0.0010517
57.6	-0.0010599
57.633	-0.0011404
57.667	-0.0012503
57.7	-0.0014354
57.733	-0.0015688
57.767	-0.0017563
57.8	-0.0020118
57.833	-0.0022953
57.867	-0.0026823
57.9	-0.0031027
57.933	-0.0036149
57.967	-0.0042709
58	-0.0049821
58.033	-0.0057176
58.067	-0.0064465
58.1	-0.0071063
58.133	-0.0077193
58.167	-0.0083086
58.2	-0.0088842
58.233	-0.0095341
58.267	-0.010303
58.3	-0.011215
58.333	-0.012229
58.367	-0.013364
58.4	-0.014589
58.433	-0.01582
58.467	-0.017039
58.5	-0.018165
58.533	-0.019244
58.567	-0.020282
58.6	-0.021256
58.633	-0.022084
58.667	-0.022742
58.7	-0.023241
58.733	-0.023508
58.767	-0.023393
58.8	-0.023058
58.833	-0.022397
58.867	-0.021361
58.9	-0.020011
58.933	-0.018405
58.967	-0.016602
59	-0.014608
59.033	-0.012522
59.067	-0.010369
59.1	-0.0082107
59.133	-0.0060543
59.167	-0.004018
59.2	-0.0020703
59.233	-0.00016467
59.267	0.0016846
59.3	0.0034575
59.333	0.0052019
59.367	0.0070267
59.4	0.0089212
59.433	0.01094
59.467	0.013023
59.5	0.015221
59.533	0.017455
59.567	0.019663
59.6	0.021796
59.633	0.023709
59.667	0.025385
59.7	0.026752
59.733	0.027781
59.767	0.028439
59.8	0.02885
59.833	0.028976
59.867	0.028872
59.9	0.0285
59.933	0.027922
59.967	0.027039
60	0.025915
60.033	0.024502
60.067	0.022696
60.1	0.020624
60.133	0.018287
60.167	0.015701
60.2	0.012914
60.233	0.0099638
60.267	0.0068063
60.3	0.0036091
60.333	0.00035747
60.367	-0.0029147
60.4	-0.0061066
60.433	-0.0091237
60.467	-0.01199
60.5	-0.014581
60.533	-0.016989
60.567	-0.019099
60.6	-0.020963
60.633	-0.022511
60.667	-0.023661
60.7	-0.024338
60.733	-0.024454
60.767	-0.023967
60.8	-0.022926
60.833	-0.021406
60.867	-0.019422
60.9	-0.017187
60.933	-0.014781
60.967	-0.012215
61	-0.0096405
61.033	-0.0070393
61.067	-0.0045319
61.1	-0.0020151
61.133	0.00035088
61.167	0.0025973
61.2	0.0046269
61.233	0.0063153
61.267	0.0076727
61.3	0.0085804
61.333	0.0090729
61.367	0.0090869
61.4	0.0087684
61.433	0.0080983
61.467	0.0072197
61.5	0.0061883
61.533	0.0049921
61.567	0.003692
61.6	0.0023971
61.633	0.0010248
61.667	-0.00033867
61.7	-0.0016783
61.733	-0.0028925
61.767	-0.0038615
61.8	-0.0045836
61.833	-0.0050565
61.867	-0.0053211
61.9	-0.0052974
61.933	-0.0050451
61.967	-0.0047117
62	-0.0043275
62.033	-0.0038388
62.067	-0.0033573
62.1	-0.0027886
62.133	-0.002204
62.167	-0.0015655
62.2	-0.00088564
62.233	-0.00027299
62.267	0.00035376
62.3	0.00084379
62.333	0.0012348
62.367	0.0014335
62.4	0.0014134
62.433	0.0011294
62.467	0.00056258
62.5	-0.00016925
62.533	-0.001121
62.567	-0.0021466
62.6	-0.0031753
62.633	-0.0042332
62.667	-0.0051576
62.7	-0.0059198
62.733	-0.0065324
62.767	-0.0069147
62.8	-0.0070304
62.833	-0.006862
62.867	-0.006336
62.9	-0.0054296
62.933	-0.0040503
62.967	-0.0022422
63	-6.7487e-05
63.033	0.0024825
63.067	0.0053188
63.1	0.0083514
63.133	0.01149
63.167	0.014587
63.2	0.017698
63.233	0.020584
63.267	0.023226
63.3	0.025641
63.333	0.027687
63.367	0.029449
63.4	0.030847
63.433	0.031985
63.467	0.032654
63.5	0.032862
63.533	0.032533
63.567	0.031541
63.6	0.029873
63.633	0.027593
63.667	0.024646
63.7	0.021121
63.733	0.017172
63.767	0.012912
63.8	0.0084646
63.833	0.0040243
63.867	-0.00029276
63.9	-0.0042902
63.933	-0.0077454
63.967	-0.010526
64	-0.012505
64.033	-0.013506
64.067	-0.013543
64.1	-0.012678
64.133	-0.010984
64.167	-0.0085988
64.2	-0.0057035
64.233	-0.0025414
64.267	0.00067654
64.3	0.0038022
64.333	0.006612
64.367	0.0090732
64.4	0.011008
64.433	0.012374
64.467	0.013144
64.5	0.013374
64.533	0.012945
64.567	0.011987
64.6	0.010554
64.633	0.008822
64.667	0.0068607
64.7	0.0047746
64.733	0.0028486
64.767	0.001212
64.8	-0.00017906
64.833	-0.00095839
64.867	-0.0014011
64.9	-0.0014351
64.933	-0.0011864
64.967	-0.00071692
65	-0.0001915
65.033	0.00029787
65.067	0.00076159
65.1	0.0010657
65.133	0.0012776
65.167	0.0013296
65.2	0.0012739
65.233	0.0010064
65.267	0.00058002
65.3	0.00010627
65.333	-0.00059777
65.367	-0.0013015
65.4	-0.0020583
65.433	-0.0026634
65.467	-0.0032643
65.5	-0.0037031
65.533	-0.0038966
65.567	-0.0039326
65.6	-0.0038805
65.633	-0.0035791
65.667	-0.0033412
65.7	-0.0030111
65.733	-0.0028062
65.767	-0.0025638
65.8	-0.0024554
65.833	-0.0024054
65.867	-0.0023871
65.9	-0.0024496
65.933	-0.0024886
65.967	-0.0025214
66	-0.0025304
66.033	-0.0025995
66.067	-0.0026256
66.1	-0.0025911
66.133	-0.0024169
66.167	-0.0022369
66.2	-0.0018675
66.233	-0.0013652
66.267	-0.00078315
66.3	-1.9757e-05
66.333	0.00078085
66.367	0.0015899
66.4	0.0024119
66.433	0.0031918
66.467	0.003933
66.5	0.0044937
66.533	0.0049498
66.567	0.0051424
66.6	0.0051419
66.633	0.0047993
66.667	0.0041499
66.7	0.0033098
66.733	0.0021814
66.767	0.00091024
66.8	-0.00052812
66.833	-0.0019725
66.867	-0.0035742
66.9	-0.0051992
66.933	-0.0068762
66.967	-0.0085533
67	-0.010105
67.033	-0.011425
67.067	-0.012562
67.1	-0.013299
67.133	-0.013591
67.167	-0.013333
67.2	-0.012585
67.233	-0.011237
67.267	-0.0094914
67.3	-0.0073398
67.333	-0.0048937
67.367	-0.0024235
67.4	1.9455e-05
67.433	0.0022974
67.467	0.0042355
67.5	0.0058267
67.533	0.0070044
67.567	0.0077693
67.6	0.008059
67.633	0.0080309
67.667	0.0075956
67.7	0.0069253
67.733	0.0060975
67.767	0.0050571
67.8	0.0039543
67.833	0.0028674
67.867	0.0017865
67.9	0.00082014
67.933	-6.03e-05
67.967	-0.00074046
68	-0.0012943
68.033	-0.0016549
68.067	-0.0017705
68.1	-0.0017153
68.133	-0.0015457
68.167	-0.001226
68.2	-0.00084691
68.233	-0.00050096
68.267	-0.00013397
68.3	0.00016902
68.333	0.00036835
68.367	0.00048631
68.4	0.00048058
68.433	0.00041974
68.467	0.00024789
68.5	-4.5717e-05
68.533	-0.00045589
68.567	-0.00098564
68.6	-0.0014473
68.633	-0.0018629
68.667	-0.0021726
68.7	-0.0022456
68.733	-0.0021461
68.767	-0.0018321
68.8	-0.0014463
68.833	-0.00099263
68.867	-0.00055217
68.9	-0.00015551
68.933	0.0001104
68.967	0.00028883
69	0.00037821
69.033	0.00042855
69.067	0.00049101
69.1	0.000558
69.133	0.00065308
69.167	0.00083568
69.2	0.0010105
69.233	0.0012173
69.267	0.0013872
69.3	0.0014948
69.333	0.0015936
69.367	0.0016675
69.4	0.0016959
69.433	0.0016909
69.467	0.0015878
69.5	0.0014714
69.533	0.0012337
69.567	0.00090014
69.6	0.00048972
69.633	3.7692e-05
69.667	-0.00051561
69.7	-0.00093732
69.733	-0.0012245
69.767	-0.0014243
69.8	-0.0013428
69.833	-0.0011187
69.867	-0.00077401
69.9	-0.00029049
69.933	0.00019671
69.967	0.0008335
70	0.0014917
70.033	0.0021985
70.067	0.002958
70.1	0.0036217
70.133	0.0042963
70.167	0.0048379
70.2	0.0052672
70.233	0.0055171
70.267	0.0055946
70.3	0.0054797
70.333	0.0053421
70.367	0.0050223
70.4	0.0046768
70.433	0.0043154
70.467	0.0039015
70.5	0.0035221
70.533	0.003222
70.567	0.0028778
70.6	0.0025175
70.633	0.002224
70.667	0.0017955
70.7	0.0013419
70.733	0.00087066
70.767	0.00036826
70.8	-0.00013863
70.833	-0.000557
70.867	-0.00086895
70.9	-0.0010362
70.933	-0.0010128
70.967	-0.00074344
71	-0.00032791
71.033	0.0002204
71.067	0.0008268
71.1	0.0014464
71.133	0.0020251
71.167	0.002444
71.2	0.002797
71.233	0.0030802
71.267	0.0032688
71.3	0.0034506
71.333	0.0036251
71.367	0.0037706
71.4	0.0038651
71.433	0.0038674
71.467	0.0037577
71.5	0.0034546
71.533	0.0030514
71.567	0.002431
71.6	0.0016897
71.633	0.00082302
71.667	-0.00013264
71.7	-0.0011646
71.733	-0.0023079
71.767	-0.0035111
71.8	-0.0048071
71.833	-0.006203
71.867	-0.0076781
71.9	-0.00914
71.933	-0.01053
71.967	-0.011776
72	-0.012852
72.033	-0.013622
72.067	-0.014137
72.1	-0.014304
72.133	-0.014181
72.167	-0.013761
72.2	-0.013127
72.233	-0.012314
72.267	-0.011352
72.3	-0.010362
72.333	-0.0092928
72.367	-0.0082115
72.4	-0.0072315
72.433	-0.0062745
72.467	-0.0054782
72.5	-0.0047594
72.533	-0.004248
72.567	-0.0037907
72.6	-0.0033707
72.633	-0.0030093
72.667	-0.0025991
72.7	-0.0020476
72.733	-0.0013844
72.767	-0.00054137
72.8	0.00047562
72.833	0.001606
72.867	0.0027923
72.9	0.0039624
72.933	0.0050127
72.967	0.0059356
73	0.0067653
73.033	0.0073275
73.067	0.0077373
73.1	0.007931
73.133	0.0079664
73.167	0.0078435
73.2	0.0075517
73.233	0.0071171
73.267	0.0066498
73.3	0.0060609
73.333	0.0055195
73.367	0.0050859
73.4	0.004776
73.433	0.0046521
73.467	0.0046059
73.5	0.0047516
73.533	0.0049807
73.567	0.0052967
73.6	0.0056712
73.633	0.0059681
73.667	0.0062647
73.7	0.0065025
73.733	0.0066707
73.767	0.006727
73.8	0.0066682
73.833	0.0064914
73.867	0.006148
73.9	0.0056978
73.933	0.0051929
73.967	0.0046233
74	0.0041634
74.033	0.003798
74.067	0.0035115
74.1	0.0033178
74.133	0.0032414
74.167	0.0032321
74.2	0.0032669
74.233	0.003284
74.267	0.0033978
74.3	0.0035776
74.333	0.0038596
74.367	0.0042677
74.4	0.0047928
74.433	0.0054216
74.467	0.0062067
74.5	0.0069559
74.533	0.0077266
74.567	0.0084017
74.6	0.0089135
74.633	0.0093405
74.667	0.0095799
74.7	0.0096138
74.733	0.0094722
74.767	0.0091276
74.8	0.0085134
74.833	0.0077814
74.867	0.0068052
74.9	0.0057079
74.933	0.0045803
74.967	0.0035883
75	0.0027114
75.033	0.0020997
75.067	0.0018171
75.1	0.0018345
75.133	0.0022131
75.167	0.0028426
75.2	0.0036862
75.233	0.0045898
75.267	0.005503
75.3	0.0063692
75.333	0.0071255
75.367	0.0076812
75.4	0.0079911
75.433	0.0080389
75.467	0.0078445
75.5	0.0075188
75.533	0.0070029
75.567	0.0063461
75.6	0.005689
75.633	0.0051012
75.667	0.0045933
75.7	0.0042248
75.733	0.0040215
75.767	0.0039135
75.8	0.0038694
75.833	0.0038955
75.867	0.0038417
75.9	0.0038528
75.933	0.0038194
75.967	0.0038561
76	0.0038667
76.033	0.0040262
76.067	0.0041913
76.1	0.0044355
76.133	0.0047013
76.167	0.0050036
76.2	0.0053192
76.233	0.0057209
76.267	0.0061439
76.3	0.0066596
76.333	0.0072606
76.367	0.007793
76.4	0.0082646
76.433	0.008662
76.467	0.008898
76.5	0.0088816
76.533	0.0087808
76.567	0.0085168
76.6	0.008108
76.633	0.007677
76.667	0.007263
76.7	0.0068425
76.733	0.0064649
76.767	0.0061059
76.8	0.0057381
76.833	0.005462
76.867	0.0052946
76.9	0.0052571
76.933	0.0053293
76.967	0.0056072
77	0.0060812
77.033	0.0065908
77.067	0.0072114
77.1	0.0076446
77.133	0.0079831
77.167	0.00803
77.2	0.0078809
77.233	0.007467
77.267	0.0069546
77.3	0.0064312
77.333	0.0059591
77.367	0.0056662
77.4	0.0055713
77.433	0.0056018
77.467	0.0056837
77.5	0.0058598
77.533	0.0060572
77.567	0.0062541
77.6	0.0064043
77.633	0.0065078
77.667	0.0066719
77.7	0.0067419
77.733	0.0068039
77.767	0.0068042
77.8	0.0066822
77.833	0.0065297
77.867	0.006189
77.9	0.0057554
77.933	0.0053561
77.967	0.0048852
78	0.0045786
78.033	0.0042422
78.067	0.0040793
78.1	0.0039525
78.133	0.0038705
78.167	0.0038152
78.2	0.0037773
78.233	0.0036746
78.267	0.0034592
78.3	0.0031615
78.333	0.0028048
78.367	0.0023154
78.4	0.0017963
78.433	0.0012166
78.467	0.00067759
78.5	0.00012631
78.533	-0.00045166
78.567	-0.001022
78.6	-0.0015197
78.633	-0.0019502
78.667	-0.0023007
78.7	-0.0025683
78.733	-0.0027169
78.767	-0.0027755
78.8	-0.0026912
78.833	-0.0025506
78.867	-0.0023374
78.9	-0.0021851
78.933	-0.0019859
78.967	-0.0018471
79	-0.0017926
79.033	-0.0018631
79.067	-0.0019104
79.1	-0.0021499
79.133	-0.0024272
79.167	-0.0027551
79.2	-0.0030896
79.233	-0.0034038
79.267	-0.0035215
79.3	-0.0035729
79.333	-0.0035192
79.367	-0.0033402
79.4	-0.0031411
79.433	-0.0029966
79.467	-0.0027986
79.5	-0.0026548
79.533	-0.0025857
79.567	-0.0025426
79.6	-0.0025297
79.633	-0.0024423
79.667	-0.0023535
79.7	-0.0022137
79.733	-0.0020573
79.767	-0.0018902
79.8	-0.001691
79.833	-0.0015713
79.867	-0.0014408
79.9	-0.0013077
79.933	-0.0011809
79.967	-0.00096358
80	-0.00064439
80.033	-0.00033882
80.067	-0.00017821
80.1	-7.6573e-05
80.133	-7.7691e-06
80.167	3.765e-05
80.2	6.6878e-05
80.233	9.3635e-05
80.267	0.00011593
80.3	0.00013412
80.333	0.00014998
80.367	0.00016185
80.4	0.00017285
80.433	0.00018105
80.467	0.00018661
80.5	0.00019055
80.533	0.00018989
80.567	0.00018933
80.6	0.00018723
80.633	0.00018382
80.667	0.00018156
80.7	0.0001785
80.733	0.00017553
80.767	0.00017118
80.8	0.00016513
80.833	0.00016041
80.867	0.00015335
80.9	0.00014643
80.933	0.00014172
80.967	0.00013836
81	0.00013805
81.033	0.00013847
81.067	0.00014048
81.1	0.00014309
81.133	0.00014614
81.167	0.0001474
81.2	0.00014524
81.233	0.00014212
81.267	0.00013616
81.3	0.00012911
81.333	0.00012039
81.367	0.00011108
81.4	0.00010288
81.433	9.4977e-05
81.467	8.814e-05
81.5	8.2858e-05
81.533	7.9032e-05
81.567	7.621e-05
81.6	7.3448e-05
81.633	7.1768e-05
81.667	6.9898e-05
81.7	6.8551e-05
81.733	6.7407e-05
81.767	6.6134e-05
81.8	6.4906e-05
81.833	6.2167e-05
81.867	5.9397e-05
81.9	5.643e-05
81.933	5.2802e-05
81.967	4.8648e-05
82	4.4575e-05
82.033	4.061e-05
82.067	3.7035e-05
82.1	3.3958e-05
82.133	3.0244e-05
82.167	2.6962e-05
82.2	2.3726e-05
82.233	2.1177e-05
82.267	1.8823e-05
82.3	1.7217e-05
82.333	1.6166e-05
82.367	1.5724e-05
82.4	1.5243e-05
82.433	1.4466e-05
82.467	1.3297e-05
82.5	1.0582e-05
82.533	7.3062e-06
82.567	3.2026e-06
82.6	-1.4408e-06
82.633	-5.6535e-06
82.667	-9.7564e-06
82.7	-1.2952e-05
82.733	-1.5869e-05
82.767	-1.7632e-05
82.8	-1.9038e-05
82.833	-1.961e-05
82.867	-1.9595e-05
82.9	-1.9871e-05
82.933	-1.9984e-05
82.967	-2.0178e-05
83	-2.0585e-05
83.033	-2.1345e-05
83.067	-2.2344e-05
83.1	-2.3653e-05
83.133	-2.5435e-05
83.167	-2.7558e-05
83.2	-3.0018e-05
83.233	-3.2944e-05
83.267	-3.548e-05
83.3	-3.7878e-05
83.333	-4.0094e-05
83.367	-4.1565e-05
83.4	-4.246e-05
83.433	-4.3094e-05
83.467	-4.3497e-05
83.5	-4.3879e-05
83.533	-4.4219e-05
83.567	-4.4746e-05
83.6	-4.5514e-05
83.633	-4.6249e-05
83.667	-4.6858e-05
83.7	-4.7546e-05
83.733	-4.8064e-05
83.767	-4.8337e-05
83.8	-4.8477e-05
83.833	-4.86e-05
83.867	-4.8679e-05
83.9	-4.8847e-05
83.933	-4.8869e-05
83.967	-4.8946e-05
84	-4.9475e-05
84.033	-4.9991e-05
84.067	-5.0956e-05
84.1	-5.2198e-05
84.133	-5.3635e-05
84.167	-5.4988e-05
84.2	-5.6318e-05
84.233	-5.7477e-05
84.267	-5.857e-05
84.3	-5.9384e-05
84.333	-6.0148e-05
84.367	-6.0746e-05
84.4	-6.1711e-05
84.433	-6.2409e-05
84.467	-6.3184e-05
84.5	-6.3739e-05
84.533	-6.4027e-05
84.567	-6.4242e-05
84.6	-6.4012e-05
84.633	-6.3743e-05
84.667	-6.331e-05
84.7	-6.2773e-05
84.733	-6.2301e-05
84.767	-6.2135e-05
84.8	-6.1993e-05
84.833	-6.2439e-05
84.867	-6.2619e-05
84.9	-6.3305e-05
84.933	-6.3889e-05
84.967	-6.4576e-05
85	-6.5253e-05
85.033	-6.5512e-05
85.067	-6.5985e-05
85.1	-6.6391e-05
85.133	-6.6806e-05
85.167	-6.7394e-05
85.2	-6.7922e-05
85.233	-6.8567e-05
85.267	-6.8987e-05
85.3	-6.9292e-05
85.333	-6.9094e-05
85.367	-6.871e-05
85.4	-6.8198e-05
85.433	-6.7288e-05
85.467	-6.6513e-05
85.5	-6.5777e-05
85.533	-6.4765e-05
85.567	-6.3713e-05
85.6	-6.2555e-05
85.633	-6.1334e-05
85.667	-6.0015e-05
85.7	-5.8621e-05
85.733	-5.7246e-05
85.767	-5.5935e-05
85.8	-5.4773e-05
85.833	-5.3721e-05
85.867	-5.2815e-05
85.9	-5.1987e-05
85.933	-5.0961e-05
85.967	-4.978e-05
86	-4.8564e-05
86.033	-4.7044e-05
86.067	-4.5343e-05
86.1	-4.36e-05
86.133	-4.1957e-05
86.167	-4.0334e-05
86.2	-3.8663e-05
86.233	-3.7171e-05
86.267	-3.5568e-05
86.3	-3.4038e-05
86.333	-3.2204e-05
86.367	-3.0192e-05
86.4	-2.8006e-05
86.433	-2.5715e-05
86.467	-2.3227e-05
86.5	-2.058e-05
86.533	-1.8188e-05
86.567	-1.5894e-05
86.6	-1.3923e-05
86.633	-1.2209e-05
86.667	-1.0677e-05
86.7	-9.2582e-06
86.733	-8.0611e-06
86.767	-6.8758e-06
86.8	-5.7468e-06
86.833	-4.7941e-06
86.867	-3.8737e-06
86.9	-3.0203e-06
86.933	-2.2107e-06
86.967	-1.3892e-06
87	-5.5155e-07
87.033	4.0136e-07
87.067	1.2852e-06
87.1	2.3602e-06
87.133	3.4657e-06
87.167	4.7805e-06
87.2	5.9966e-06
87.233	7.3913e-06
87.267	8.7332e-06
87.3	9.984e-06
87.333	1.1206e-05
87.367	1.2187e-05
87.4	1.3071e-05
87.433	1.3766e-05
87.467	1.4184e-05
87.5	1.435e-05
87.533	1.4433e-05
87.567	1.4252e-05
87.6	1.3923e-05
87.633	1.3595e-05
87.667	1.3075e-05
87.7	1.2508e-05
87.733	1.1748e-05
87.767	1.0875e-05
87.8	1.0196e-05
87.833	9.4885e-06
87.867	8.8327e-06
87.9	8.1004e-06
87.933	7.6015e-06
87.967	7.0047e-06
88	6.5816e-06
88.033	5.974e-06
88.067	5.4665e-06
88.1	4.967e-06
88.133	4.3558e-06
88.167	3.7161e-06
88.2	2.9372e-06
88.233	2.038e-06
88.267	1.0695e-06
88.3	1.6916e-07
88.333	-8.4121e-07
88.367	-1.8039e-06
88.4	-2.7093e-06
88.433	-3.5689e-06
88.467	-4.296e-06
88.5	-5.1215e-06
88.533	-5.8784e-06
88.567	-6.3501e-06
88.6	-6.8117e-06
88.633	-6.9291e-06
88.667	-7.0541e-06
88.7	-7.0955e-06
88.733	-7.1464e-06
88.767	-7.1961e-06
88.8	-7.3244e-06
88.833	-7.6193e-06
88.867	-7.9095e-06
88.9	-8.1789e-06
88.933	-8.5346e-06
88.967	-8.6938e-06
89	-8.8646e-06
89.033	-8.9183e-06
89.067	-8.8986e-06
89.1	-8.9111e-06
89.133	-8.7567e-06
89.167	-8.5272e-06
89.2	-8.4023e-06
89.233	-8.2771e-06
89.267	-8.2229e-06
89.3	-8.2196e-06
89.333	-8.2296e-06
89.367	-8.1787e-06
89.4	-8.1633e-06
89.433	-8.0307e-06
89.467	-7.8871e-06
89.5	-7.5825e-06
89.533	-7.2329e-06
89.567	-6.5922e-06
89.6	-5.9144e-06
89.633	-5.1782e-06
89.667	-4.351e-06
89.7	-3.5208e-06
89.733	-2.6628e-06
89.767	-1.7269e-06
89.8	-7.7597e-07
89.833	1.6328e-07
89.867	1.1089e-06
89.9	2.1132e-06
89.933	3.2014e-06
89.967	4.2936e-06
90	5.5072e-06
90.033	6.6467e-06
90.067	7.7528e-06
90.1	8.9448e-06
90.133	1.0014e-05
90.167	1.1169e-05
90.2	1.2304e-05
90.233	1.3464e-05
90.267	1.4634e-05
90.3	1.5758e-05
90.333	1.6848e-05
90.367	1.7828e-05
90.4	1.8659e-05
90.433	1.9212e-05
90.467	1.9595e-05
90.5	1.992e-05
90.533	2.008e-05
90.567	2.0154e-05
90.6	2.016e-05
90.633	2.0299e-05
90.667	2.0588e-05
90.7	2.1002e-05
90.733	2.1441e-05
90.767	2.2012e-05
90.8	2.2694e-05
90.833	2.345e-05
90.867	2.4144e-05
90.9	2.4733e-05
90.933	2.5261e-05
90.967	2.5708e-05
91	2.6022e-05
91.033	2.6259e-05
91.067	2.6469e-05
91.1	2.6545e-05
91.133	2.6484e-05
91.167	2.6326e-05
91.2	2.6147e-05
91.233	2.5809e-05
91.267	2.5538e-05
91.3	2.5201e-05
91.333	2.4919e-05
91.367	2.4712e-05
91.4	2.4474e-05
91.433	2.4381e-05
91.467	2.4249e-05
91.5	2.416e-05
91.533	2.3922e-05
91.567	2.3697e-05
91.6	2.3327e-05
91.633	2.2877e-05
91.667	2.2327e-05
91.7	2.1708e-05
91.733	2.1186e-05
91.767	2.06e-05
91.8	2.006e-05
91.833	1.9514e-05
91.867	1.8986e-05
91.9	1.8458e-05
91.933	1.7895e-05
91.967	1.7266e-05
92	1.6658e-05
92.033	1.6015e-05
92.067	1.52e-05
92.1	1.4378e-05
92.133	1.3493e-05
92.167	1.2716e-05
92.2	1.183e-05
92.233	1.1001e-05
92.267	1.0139e-05
92.3	9.3578e-06
92.333	8.5962e-06
92.367	7.9386e-06
92.4	7.3016e-06
92.433	6.6831e-06
92.467	6.167e-06
92.5	5.6464e-06
92.533	5.201e-06
92.567	4.7748e-06
92.6	4.4126e-06
92.633	4.0196e-06
92.667	3.6365e-06
92.7	3.2537e-06
92.733	2.8803e-06
92.767	2.4529e-06
92.8	1.9695e-06
92.833	1.5131e-06
92.867	1.0774e-06
92.9	6.6093e-07
92.933	2.3142e-07
92.967	-2.5428e-07
93	-7.7288e-07
93.033	-1.2581e-06
93.067	-1.8411e-06
93.1	-2.3781e-06
93.133	-2.9311e-06
93.167	-3.4014e-06
93.2	-3.7884e-06
93.233	-4.14e-06
93.267	-4.3538e-06
93.3	-4.5118e-06
93.333	-4.5973e-06
93.367	-4.7746e-06
93.4	-4.9892e-06
93.433	-5.2576e-06
93.467	-5.5252e-06
93.5	-5.8691e-06
93.533	-6.107e-06
93.567	-6.2018e-06
93.6	-6.2136e-06
93.633	-6.0721e-06
93.667	-5.8023e-06
93.7	-5.4237e-06
93.733	-5.0807e-06
93.767	-4.7004e-06
93.8	-4.3885e-06
93.833	-4.0703e-06
93.867	-3.7716e-06
93.9	-3.5884e-06
93.933	-3.3219e-06
93.967	-3.0649e-06
94	-2.7934e-06
94.033	-2.5078e-06
94.067	-2.1752e-06
94.1	-1.869e-06
94.133	-1.5267e-06
94.167	-1.2499e-06
94.2	-9.0645e-07
94.233	-5.7903e-07
94.267	-1.2869e-07
94.3	4.33e-07
94.333	1.0807e-06
94.367	1.7932e-06
94.4	2.6718e-06
94.433	3.4354e-06
94.467	4.2566e-06
94.5	4.9665e-06
94.533	5.573e-06
94.567	6.0929e-06
94.6	6.5169e-06
94.633	6.8722e-06
94.667	7.2246e-06
94.7	7.4984e-06
94.733	7.8098e-06
94.767	8.0733e-06
94.8	8.4295e-06
94.833	8.8631e-06
94.867	9.4258e-06
94.9	1.0007e-05
94.933	1.0601e-05
94.967	1.1273e-05
95	1.1886e-05
95.033	1.2527e-05
95.067	1.3068e-05
95.1	1.3624e-05
95.133	1.4014e-05
95.167	1.4393e-05
95.2	1.4664e-05
95.233	1.4829e-05
95.267	1.5014e-05
95.3	1.5092e-05
95.333	1.5149e-05
95.367	1.5181e-05
95.4	1.5228e-05
95.433	1.5332e-05
95.467	1.5508e-05
95.5	1.579e-05
95.533	1.6184e-05
95.567	1.6649e-05
95.6	1.7147e-05
95.633	1.7632e-05
95.667	1.814e-05
95.7	1.8551e-05
95.733	1.8781e-05
95.767	1.8958e-05
95.8	1.9005e-05
95.833	1.899e-05
95.867	1.889e-05
95.9	1.8734e-05
95.933	1.8625e-05
95.967	1.8507e-05
96	1.8413e-05
96.033	1.8352e-05
96.067	1.8255e-05
96.1	1.8284e-05
96.133	1.8211e-05
96.167	1.8128e-05
96.2	1.8076e-05
96.233	1.7934e-05
96.267	1.7644e-05
96.3	1.7337e-05
96.333	1.6936e-05
96.367	1.6458e-05
96.4	1.5879e-05
96.433	1.5266e-05
96.467	1.4594e-05
96.5	1.3905e-05
96.533	1.3255e-05
96.567	1.2527e-05
96.6	1.1934e-05
96.633	1.1248e-05
96.667	1.0664e-05
96.7	1.0025e-05
96.733	9.4651e-06
96.767	8.902e-06
96.8	8.3006e-06
96.833	7.7691e-06
96.867	7.1407e-06
96.9	6.447e-06
96.933	5.6832e-06
96.967	4.89e-06
97	4.0312e-06
97.033	3.1208e-06
97.067	2.2335e-06
97.1	1.3174e-06
97.133	4.9096e-07
97.167	-3.2107e-07
97.2	-1.0148e-06
97.233	-1.5299e-06
97.267	-1.9178e-06
97.3	-2.1439e-06
97.333	-2.2859e-06
97.367	-2.3195e-06
97.4	-2.2935e-06
97.433	-2.2355e-06
97.467	-2.236e-06
97.5	-2.249e-06
97.533	-2.324e-06
97.567	-2.4057e-06
97.6	-2.5339e-06
97.633	-2.6602e-06
97.667	-2.7642e-06
97.7	-2.8276e-06
97.733	-2.8984e-06
97.767	-2.8676e-06
97.8	-2.8063e-06
97.833	-2.6449e-06
97.867	-2.4307e-06
97.9	-2.1459e-06
97.933	-1.9549e-06
97.967	-1.7769e-06
98	-1.6913e-06
98.033	-1.6127e-06
98.067	-1.6364e-06
98.1	-1.7421e-06
98.133	-1.8053e-06
98.167	-1.8918e-06
98.2	-1.94e-06
98.233	-1.8763e-06
98.267	-1.8508e-06
98.3	-1.7071e-06
98.333	-1.5064e-06
98.367	-1.2936e-06
98.4	-1.0708e-06
98.433	-7.761e-07
98.467	-5.5765e-07
98.5	-2.9898e-07
98.533	-1.7149e-08
98.567	2.3764e-07
98.6	5.1419e-07
98.633	8.2404e-07
98.667	1.0782e-06
98.7	1.2336e-06
98.733	1.3543e-06
98.767	1.2897e-06
98.8	1.1739e-06
98.833	9.881e-07
98.867	8.1154e-07
98.9	6.5156e-07
98.933	5.2467e-07
98.967	5.4208e-07
99	6.4541e-07
99.033	8.6787e-07
99.067	1.1271e-06
99.1	1.4111e-06
99.133	1.7732e-06
99.167	2.1926e-06
99.2	2.5404e-06
99.233	2.8615e-06
99.267	3.1556e-06
99.3	3.4457e-06
99.333	3.6323e-06
99.367	3.7576e-06
99.4	3.8364e-06
99.433	3.8403e-06
99.467	3.8134e-06
99.5	3.735e-06
99.533	3.7155e-06
99.567	3.6899e-06
99.6	3.7189e-06
99.633	3.7875e-06
99.667	3.8753e-06
99.7	3.9426e-06
99.733	3.9511e-06
99.767	3.9416e-06
99.8	3.8315e-06
99.833	3.6436e-06
99.867	3.3689e-06
99.9	3.0338e-06
99.933	2.6878e-06
99.967	2.3705e-06
100	2.0449e-06
